Safe => 45 47 48 50 51 52 54 51
Safe => 23 26 27 30 30
Unsafe => 40 41 44 47 49 51 55
Unsafe => 12 15 18 19 26
Unsafe => 78 81 83 84 83 84
Unsafe => 5 7 10 7 4
Safe => 28 30 32 29 29
Safe => 65 68 70 73 76 78 75 79
Unsafe => 5 7 8 6 9 10 12 17
Safe => 63 64 64 67 68 71
Safe => 34 37 38 39 39 40 37
Safe => 72 74 74 75 76 77 77
Unsafe => 57 60 61 62 62 64 68
Unsafe => 12 14 15 16 16 23
Unsafe => 82 83 87 90 91 93 95 96
Unsafe => 25 27 31 32 29
Unsafe => 20 21 23 26 30 30
Unsafe => 34 37 38 42 45 47 51
Unsafe => 24 27 30 34 40
Unsafe => 10 13 15 16 18 20 26 27
Unsafe => 76 78 83 86 83
Unsafe => 49 51 56 59 60 62 62
Unsafe => 27 28 29 32 39 43
Unsafe => 55 56 62 63 66 73
Unsafe => 21 20 23 25 28 29 30
Unsafe => 79 77 80 83 85 86 87 86
Unsafe => 29 26 28 30 30
Unsafe => 48 47 50 53 55 57 59 63
Unsafe => 12 10 13 15 16 17 19 26
Unsafe => 50 49 51 52 50 52
Unsafe => 87 86 87 86 83
Unsafe => 60 59 60 59 61 61
Safe => 32 30 33 30 34
Unsafe => 44 41 39 40 41 48
Unsafe => 27 26 28 28 31 33
Unsafe => 16 13 16 16 17 19 21 19
Unsafe => 39 38 38 40 42 44 46 46
Unsafe => 57 56 58 59 61 64 64 68
Unsafe => 47 44 46 48 48 55
Unsafe => 16 15 19 22 23 25
Unsafe => 11 8 9 13 15 16 13
Unsafe => 4 2 6 8 9 9
Unsafe => 15 14 16 17 21 25
Unsafe => 37 34 38 39 41 46
Unsafe => 88 85 92 93 94
Unsafe => 83 81 83 85 91 93 91
Unsafe => 40 37 40 42 47 48 48
Unsafe => 72 69 70 72 74 80 81 85
Unsafe => 18 17 19 21 26 28 33
Unsafe => 39 39 42 43 46
Unsafe => 53 53 54 56 58 59 57
Unsafe => 80 80 81 84 84
Unsafe => 73 73 75 78 80 83 86 90
Unsafe => 74 74 77 79 80 86
Unsafe => 78 78 81 83 82 85
Unsafe => 24 24 22 24 22
Unsafe => 28 28 31 29 30 30
Unsafe => 62 62 65 63 64 68
Unsafe => 49 49 52 49 52 55 61
Unsafe => 85 85 85 87 89 90 92 95
Unsafe => 6 6 6 8 6
Unsafe => 75 75 75 78 81 84 85 85
Unsafe => 74 74 75 77 77 79 83
Unsafe => 21 21 22 22 28
Unsafe => 80 80 83 87 88 89
Unsafe => 66 66 68 72 74 72
Unsafe => 86 86 87 91 94 95 95
Unsafe => 62 62 65 68 71 75 76 80
Unsafe => 41 41 44 45 46 49 53 58
Unsafe => 31 31 34 35 36 38 44 46
Unsafe => 83 83 86 87 89 95 98 96
Unsafe => 31 31 32 35 41 41
Unsafe => 79 79 81 84 85 90 92 96
Unsafe => 69 69 75 77 78 85
Unsafe => 55 59 60 61 62 65
Unsafe => 81 85 86 88 87
Unsafe => 57 61 63 65 67 68 70 70
Unsafe => 3 7 9 12 16
Unsafe => 36 40 43 45 52
Unsafe => 2 6 7 9 10 9 11
Unsafe => 69 73 76 73 72
Unsafe => 54 58 61 64 62 63 63
Unsafe => 18 22 20 21 25
Unsafe => 55 59 57 60 67
Unsafe => 51 55 56 56 57
Unsafe => 6 10 13 13 12
Unsafe => 26 30 32 32 35 38 40 40
Unsafe => 54 58 58 59 63
Unsafe => 14 18 19 22 23 23 26 33
Unsafe => 45 49 52 55 59 60 63 66
Unsafe => 52 56 58 61 65 68 65
Unsafe => 1 5 7 11 12 12
Unsafe => 61 65 66 67 71 75
Unsafe => 62 66 70 73 78
Unsafe => 21 25 32 33 34 36 38
Unsafe => 56 60 61 64 70 73 71
Unsafe => 25 29 34 35 35
Unsafe => 31 35 41 44 47 51
Unsafe => 2 6 8 15 22
Unsafe => 53 60 61 63 66 67 68
Unsafe => 70 76 77 80 83 81
Unsafe => 10 17 19 21 23 25 25
Unsafe => 8 14 15 16 18 20 24
Unsafe => 42 47 49 52 54 55 57 62
Unsafe => 9 15 14 17 19 20 22
Unsafe => 14 21 20 22 20
Unsafe => 70 75 73 74 74
Unsafe => 86 91 90 92 96
Unsafe => 33 38 39 38 44
Unsafe => 73 79 80 80 82
Unsafe => 81 87 89 89 91 94 91
Unsafe => 63 70 70 72 72
Unsafe => 72 78 78 79 83
Unsafe => 8 15 15 17 19 25
Unsafe => 60 66 69 70 74 75 77 79
Unsafe => 19 24 25 29 28
Unsafe => 28 34 38 40 42 42
Unsafe => 24 31 34 35 39 43
Unsafe => 11 17 18 21 25 28 34
Unsafe => 63 69 76 77 78
Unsafe => 28 35 37 43 41
Unsafe => 71 78 79 84 85 87 90 90
Unsafe => 25 31 32 33 36 41 45
Unsafe => 36 41 42 43 48 53
Unsafe => 37 36 35 32 29 32
Safe => 25 23 20 17 16 13 13
Unsafe => 33 31 30 27 25 22 20 16
Unsafe => 47 45 43 41 39 33
Unsafe => 15 12 11 8 11 10
Unsafe => 63 60 58 59 58 57 56 57
Safe => 5 4 3 2 1 4 4
Unsafe => 58 56 53 50 49 51 50 46
Unsafe => 88 85 84 86 80
Safe => 47 46 45 45 43 41 39
Safe => 45 42 39 37 36 36 37
Unsafe => 69 68 67 66 65 62 62 62
Unsafe => 83 80 80 78 75 71
Unsafe => 37 35 32 29 29 28 23
Unsafe => 34 33 29 28 25
Unsafe => 51 48 46 42 40 42
Unsafe => 65 64 61 57 56 54 54
Unsafe => 52 49 45 44 41 37
Unsafe => 48 46 44 41 37 32
Unsafe => 59 56 55 52 51 44 42 40
Unsafe => 40 38 36 34 31 25 23 26
Unsafe => 93 91 88 83 83
Unsafe => 44 43 42 40 34 31 30 26
Unsafe => 86 84 83 77 72
Unsafe => 83 84 81 80 77 76 74 73
Unsafe => 14 15 14 13 11 8 7 9
Unsafe => 74 75 74 73 71 68 68
Unsafe => 52 53 52 49 47 46 42
Unsafe => 20 21 19 18 17 16 11
Unsafe => 63 65 64 61 64 63
Unsafe => 62 64 63 60 62 64
Unsafe => 36 37 35 36 33 31 31
Unsafe => 70 72 73 72 70 68 65 61
Unsafe => 30 31 33 32 26
Safe => 14 17 17 15 14 13 11
Safe => 28 31 31 29 28 31
Safe => 33 36 36 35 33 32 32
Unsafe => 79 81 81 78 75 74 73 69
Unsafe => 78 80 80 79 78 72
Unsafe => 71 72 71 67 64 63 60
Unsafe => 81 82 81 80 76 79
Unsafe => 62 63 59 58 57 57
Unsafe => 82 84 83 81 78 77 73 69
Unsafe => 76 78 74 71 65
Unsafe => 56 57 50 48 46 44 43 40
Unsafe => 96 97 95 92 90 84 81 84
Unsafe => 70 73 66 65 64 61 58 58
Unsafe => 34 35 28 27 26 25 21
Unsafe => 47 49 46 44 41 34 33 27
Unsafe => 97 97 95 92 90 88 87
Unsafe => 47 47 45 42 44
Unsafe => 70 70 69 68 65 64 64
Unsafe => 13 13 10 7 3
Unsafe => 83 83 80 78 77 72
Unsafe => 14 14 17 16 13 11 10
Unsafe => 76 76 74 77 74 72 71 73
Unsafe => 31 31 29 28 26 27 27
Unsafe => 80 80 77 79 76 73 71 67
Unsafe => 19 19 17 20 19 12
Unsafe => 28 28 25 23 23 20 18 17
Unsafe => 86 86 84 81 78 78 79
Unsafe => 36 36 34 34 31 30 30
Unsafe => 75 75 75 74 72 71 67
Unsafe => 55 55 55 52 47
Unsafe => 64 64 60 57 56
Unsafe => 80 80 76 75 74 72 73
Unsafe => 56 56 52 49 49
Unsafe => 31 31 28 24 20
Unsafe => 68 68 67 63 61 60 53
Unsafe => 43 43 38 36 33 32
Unsafe => 72 72 70 64 66
Unsafe => 40 40 38 32 30 30
Unsafe => 37 37 34 33 31 25 24 20
Unsafe => 62 62 60 55 50
Unsafe => 30 26 23 22 19 17
Unsafe => 94 90 87 85 83 81 78 81
Unsafe => 62 58 55 53 52 52
Unsafe => 90 86 84 83 80 76
Unsafe => 98 94 92 90 85
Unsafe => 47 43 40 38 37 40 39
Unsafe => 39 35 37 36 37
Unsafe => 76 72 69 68 65 64 65 65
Unsafe => 26 22 19 17 19 18 16 12
Unsafe => 42 38 36 39 34
Unsafe => 93 89 86 86 85 82 81
Unsafe => 47 43 40 38 37 34 34 36
Unsafe => 63 59 59 56 56
Unsafe => 70 66 65 63 63 60 56
Unsafe => 95 91 88 86 86 85 78
Unsafe => 43 39 36 32 30
Unsafe => 22 18 15 12 8 7 8
Unsafe => 78 74 73 70 66 64 61 61
Unsafe => 37 33 32 28 27 24 23 19
Unsafe => 30 26 25 22 18 16 9
Unsafe => 75 71 66 64 62 59 56 55
Unsafe => 50 46 45 44 38 35 32 35
Unsafe => 82 78 77 76 69 67 67
Unsafe => 64 60 53 50 48 47 45 41
Unsafe => 90 86 84 83 82 77 76 69
Unsafe => 54 49 48 45 42 40 39 38
Unsafe => 76 70 69 66 65 64 62 64
Unsafe => 12 5 4 3 2 2
Unsafe => 49 43 41 38 37 34 30
Unsafe => 95 90 89 86 85 80
Unsafe => 82 77 74 72 71 73 70 68
Unsafe => 50 44 43 42 40 38 40 42
Unsafe => 51 44 42 45 45
Unsafe => 22 15 17 15 11
Unsafe => 32 26 25 27 26 23 17
Unsafe => 32 27 27 25 22
Unsafe => 43 36 36 33 35
Unsafe => 74 68 66 63 63 60 57 57
Unsafe => 45 40 38 38 35 31
Unsafe => 64 57 56 53 53 50 49 42
Unsafe => 92 87 83 82 79
Unsafe => 55 49 47 44 40 43
Unsafe => 34 27 26 24 22 18 18
Unsafe => 95 88 85 84 80 76
Unsafe => 76 71 67 64 62 56
Unsafe => 68 62 60 59 52 50 47
Unsafe => 28 22 19 13 10 13
Unsafe => 90 85 84 77 74 72 72
Unsafe => 81 75 70 69 66 63 62 58
Unsafe => 68 62 57 56 55 54 52 46
Unsafe => 73 76 79 77 76 73 72 72
Unsafe => 97 97 95 94 94 93 90
Unsafe => 67 68 62 60 57 56 58
Unsafe => 41 45 47 50 51 54 56 60
Unsafe => 75 75 75 76 73
Unsafe => 84 84 81 83 86 90
Unsafe => 11 11 6 5 1
Unsafe => 27 27 30 32 36 38 43
Unsafe => 57 53 51 50 48 44 44
Unsafe => 39 32 31 30 29 30 31
Unsafe => 89 93 94 94 96
Unsafe => 56 63 70 73 75 78 75
Unsafe => 48 46 48 52 52
Unsafe => 31 35 35 38 41 44 47 51
Unsafe => 96 92 89 92 88
Unsafe => 23 27 26 29 34
Unsafe => 45 41 40 39 40 38 32
Unsafe => 36 36 38 42 44 46
Unsafe => 66 65 66 69 70 72 77
Unsafe => 13 13 16 15 15
Unsafe => 78 76 78 79 86 87 85
Unsafe => 10 10 7 3 1
Unsafe => 52 49 51 56 60
Unsafe => 3 5 8 9 16 19 23
Unsafe => 13 18 22 23 23
Unsafe => 45 45 43 42 45 42
Unsafe => 73 66 65 63 66 63 57
Unsafe => 26 27 26 25 21 18 14
Unsafe => 28 28 29 31 33 39
Unsafe => 91 92 89 87 82 81 78 74
Unsafe => 88 88 91 91 94 95 95
Safe => 66 65 64 62 61 58 58 57
Unsafe => 50 45 44 38 36 39
Unsafe => 22 15 13 11 7
Unsafe => 39 38 37 40 45
Unsafe => 74 70 65 63 60 57 57
Unsafe => 26 22 21 21 20 19 19
Unsafe => 55 52 50 46 43 36
Safe => 77 76 74 75 71
Unsafe => 27 25 25 28 30 33 36 36
Unsafe => 67 67 68 70 71 72 75 75
Unsafe => 95 91 88 87 89 86 84 83
Unsafe => 6 5 9 11 13 14 15
Unsafe => 25 25 22 20 19 22
Unsafe => 80 76 74 73 72 72 67
Unsafe => 51 51 48 47 47 47
Unsafe => 23 16 13 11 10 10 7 9
Unsafe => 27 31 34 36 37 42
Safe => 72 73 76 79 81 80 84
Unsafe => 7 4 6 7 8 10 13 15
Unsafe => 19 21 19 15 18
Unsafe => 75 73 68 67 64 65
Unsafe => 85 81 78 77 76 72 71 69
Unsafe => 66 68 70 69 71 74 75 74
Unsafe => 28 27 24 26 29
Unsafe => 78 74 72 70 68 65 58
Unsafe => 91 84 82 78 77
Unsafe => 49 53 52 55 55
Safe => 52 54 57 60 63 62 64
Unsafe => 33 33 30 28 25 22 18 14
Unsafe => 99 98 94 91 88 85 83 83
Unsafe => 62 64 70 72 79
Unsafe => 28 28 30 31 31 32 36
Unsafe => 83 79 74 73 72 69
Unsafe => 49 53 57 60 61 62 63
Unsafe => 50 56 57 63 65 67 68 72
Unsafe => 77 84 81 84 81
Unsafe => 40 43 45 42 38
Unsafe => 58 61 64 71 73
Unsafe => 54 58 61 62 65 68 68 74
Unsafe => 7 8 11 14 18 21 23
Safe => 13 10 9 8 7 6 6
Unsafe => 38 41 39 37 34 30 29 26
Unsafe => 49 55 57 54 55 55
Safe => 78 75 76 75 75
Unsafe => 4 8 10 13 14 15 15
Unsafe => 79 84 85 88 89 89 86
Unsafe => 91 90 93 90 93 97
Unsafe => 33 32 33 38 40 41
Safe => 13 15 12 14 9
Unsafe => 48 46 48 49 54 54
Unsafe => 34 35 35 33 29
Unsafe => 38 40 41 45 50
Unsafe => 51 55 56 60 63 67
Unsafe => 30 33 35 38 39 42 42 48
Unsafe => 70 74 77 80 81
Unsafe => 14 12 14 11 13
Unsafe => 53 58 61 62 63
Unsafe => 13 13 12 9 6 5 5
Safe => 56 59 60 63 65 66 68
Safe => 16 14 11 9 7 4 1
Safe => 82 80 78 77 76 75 73
Safe => 33 32 30 28 26 24 23 21
Safe => 40 41 44 47 50 51 53
Safe => 22 25 26 27 28
Safe => 73 71 70 67 65
Safe => 37 36 35 34 32 31
Safe => 72 70 67 64 61 60 59
Safe => 6 9 11 12 15 18 20 22
Safe => 81 83 84 86 88 90
Safe => 12 13 16 19 20 23
Safe => 62 64 67 69 72 75
Safe => 19 17 16 14 12
Safe => 76 74 73 70 68 67 66 63
Safe => 90 89 86 85 83 81
Safe => 13 16 19 21 22 25 26 29
Safe => 22 23 24 26 27 30 31
Safe => 28 26 25 23 21 20 17 14
Safe => 65 64 61 60 57
Safe => 20 23 24 26 27 28 30
Safe => 65 63 60 59 57 55
Safe => 57 56 55 54 53
Safe => 13 16 18 21 24 27
Safe => 58 55 53 51 50
Safe => 36 34 32 29 26 24
Safe => 82 79 77 76 73
Safe => 43 46 49 51 54 55
Safe => 29 28 25 24 21 20 19
Safe => 56 59 62 64 66
Safe => 48 45 42 41 38 35
Safe => 35 34 31 28 26 23
Safe => 44 43 41 40 37 34 31 30
Safe => 43 46 49 52 53 54 55 57
Safe => 63 64 66 68 71
Safe => 92 90 88 87 85 84 81 80
Safe => 62 64 65 68 70 72 74 77
Safe => 48 50 51 52 54 57 58
Safe => 21 24 26 29 32 33 36 39
Safe => 83 81 79 78 75
Safe => 6 9 10 11 14 16 17
Safe => 22 21 18 17 15
Safe => 18 17 14 11 10 8
Safe => 83 84 85 88 91
Safe => 32 31 30 28 25 23
Safe => 28 30 33 36 38 39 40
Safe => 21 19 16 15 12 10 7
Safe => 13 15 16 19 21 24 27
Safe => 17 15 13 12 9
Safe => 61 62 65 66 68
Safe => 32 30 29 26 25 23
Safe => 69 68 65 64 62
Safe => 66 68 69 70 72
Safe => 69 66 65 63 60 57 54
Safe => 50 48 45 42 39
Safe => 12 15 18 19 20 21 24
Safe => 87 85 83 82 81 78
Safe => 56 57 60 61 64 66
Safe => 58 60 61 63 64
Safe => 23 26 28 29 31 34
Safe => 6 7 8 9 12 14
Safe => 66 69 70 73 76
Safe => 68 71 72 74 75 78 81
Safe => 27 26 23 21 19
Safe => 25 26 29 31 33 36 38
Safe => 4 6 8 11 14 17 18 21
Safe => 41 43 45 46 47 50 53 54
Safe => 16 18 21 24 26 28 29
Safe => 59 56 55 53 50 48 47
Safe => 88 85 84 81 80 77
Safe => 8 9 12 14 17 19
Safe => 9 10 12 15 17 18
Safe => 69 67 66 63 60 58 55
Safe => 61 63 66 67 69
Safe => 74 73 71 68 65
Safe => 4 5 8 10 13
Safe => 47 45 42 41 39
Safe => 11 13 15 17 20 23 25
Safe => 69 70 72 73 75 76
Safe => 89 90 91 93 94 97
Safe => 32 29 28 27 26 25
Safe => 13 11 8 5 4 2
Safe => 32 33 36 39 42 45 47
Safe => 54 52 50 48 46 44 43
Safe => 17 16 15 13 10 7 4 3
Safe => 52 49 48 47 46 44 41
Safe => 18 21 23 24 27
Safe => 80 81 83 84 85
Safe => 76 74 71 68 67
Safe => 32 34 35 37 40
Safe => 10 13 15 18 20 21
Safe => 52 55 57 60 63 65
Safe => 30 31 33 35 38
Safe => 52 50 47 46 44 43
Safe => 19 22 25 28 30 33 36 38
Safe => 76 79 81 82 84 85 88
Safe => 67 65 63 62 60 59 57 54
Safe => 26 23 20 19 18 17
Safe => 83 84 85 87 89
Safe => 16 17 19 22 24 26 27
Safe => 53 54 56 58 60 63 64 65
Safe => 42 44 47 48 49 51 52
Safe => 31 28 27 25 22
Safe => 21 18 17 16 15 12 10 8
Safe => 41 43 44 46 47 48 49 52
Safe => 40 42 45 48 49 50 51
Safe => 31 29 26 23 21 18 16
Safe => 9 11 13 14 16 18 20
Safe => 21 18 15 13 10
Safe => 91 90 88 87 85 84
Safe => 57 60 63 66 68 69
Safe => 30 31 33 34 35
Safe => 62 61 60 58 57 55
Safe => 41 44 45 46 49 51
Safe => 66 68 70 73 75 76 79
Safe => 60 61 63 64 66 68 71
Safe => 35 32 30 29 27 24
Safe => 21 22 24 25 26 27 28
Safe => 53 54 56 58 59
Safe => 14 17 18 20 21 24 26 27
Safe => 13 12 9 8 7
Safe => 65 66 67 68 71 72 75
Safe => 50 52 54 55 57 59
Safe => 15 13 11 9 8 5
Safe => 9 10 12 13 16
Safe => 21 19 17 16 13 10 7 6
Safe => 84 83 80 77 75 72 70 68
Safe => 41 40 37 34 32 30
Safe => 19 16 15 12 9 8
Safe => 42 45 47 50 52 55 57
Safe => 65 64 61 60 59
Safe => 93 91 90 89 88
Safe => 4 5 7 8 9 11 13
Safe => 75 74 72 70 68 67 65
Safe => 36 37 38 39 41
Safe => 29 32 35 38 41 44 47
Safe => 50 51 54 56 58 61
Safe => 76 75 72 69 67 65 63
Safe => 75 78 81 83 85
Safe => 60 62 63 65 67 70 71
Safe => 88 86 83 80 79 78
Safe => 63 62 59 56 53 52
Safe => 14 16 18 19 21 22 23
Safe => 50 52 55 58 60 61 64 65
Safe => 50 49 48 47 45 43 41 40
Safe => 37 39 41 42 43 45 47 48
Safe => 93 90 88 86 84 81
Safe => 44 46 48 50 53
Safe => 18 20 23 24 26 29 31
Safe => 31 33 34 37 40 41 44 47
Safe => 26 29 30 32 34 36
Safe => 68 70 71 74 76 77
Safe => 65 64 63 62 60 59 57 56
Safe => 3 5 8 11 13 16
Safe => 37 36 34 33 32 30 29
Safe => 85 82 80 78 75 73 71 69
Safe => 91 90 88 86 83
Safe => 65 62 61 58 57 55 53 51
Safe => 56 57 60 62 64
Safe => 2 3 5 6 7 10 13
Safe => 63 62 61 60 58 55
Safe => 7 9 11 13 14
Safe => 58 55 52 51 50
Safe => 30 31 32 34 37 40 43 44
Safe => 57 58 59 62 64 66 68
Safe => 65 64 62 60 57
Safe => 65 62 61 59 57 55 53
Safe => 21 18 16 13 12
Safe => 48 47 46 45 42 41 38 36
Safe => 40 39 37 36 34 31 28
Safe => 84 85 87 88 90 91 92 94
Safe => 58 57 55 54 51 49 47 44
Safe => 41 43 46 49 51 54
Safe => 84 85 88 91 92 93 95 96
Safe => 16 15 12 11 8 7 4
Safe => 52 54 57 58 60
Safe => 48 45 43 40 38 37 36 33
Safe => 91 88 87 84 82 79
Safe => 88 85 82 81 80 79 76
Safe => 45 46 48 51 53 56 57
Safe => 43 44 45 47 50 51 52 53
Safe => 61 60 57 54 52 50 48
Safe => 89 88 86 85 82 79 76
Safe => 81 79 76 73 70 68 66 63
Safe => 84 87 88 90 91 93
Safe => 42 41 38 36 33 30 27
Safe => 49 50 53 54 57 58 59 62
Safe => 39 41 43 46 47 48 51 53
Safe => 85 86 88 91 92 93 95 98
Safe => 90 87 84 81 80 77
Safe => 64 63 62 59 57
Safe => 71 72 73 76 78 79 81
Safe => 43 41 38 37 36
Safe => 56 57 59 60 62 65 68 71
Safe => 45 43 40 39 37 34 31 29
Safe => 30 32 35 36 38 40
Safe => 90 87 85 84 83
Safe => 1 3 6 8 9 10 12 13
Safe => 52 54 56 57 58 61 64 65
Safe => 69 66 64 62 61 58 57
Safe => 89 91 92 94 96 98
Safe => 69 72 73 75 77
Safe => 76 73 70 69 66
Safe => 54 56 58 59 61 64 67
Safe => 34 33 31 30 29 28 27 26
Safe => 48 47 45 42 40 37
Safe => 69 72 74 75 78 81 83 85
Safe => 31 33 36 37 38
Safe => 43 45 46 49 52
Safe => 38 41 42 43 45
Safe => 76 79 82 83 85
Safe => 55 53 51 50 49 48
Safe => 17 18 21 24 27 30 33 35
Safe => 42 40 39 38 35 32 30
Safe => 33 30 28 26 25 22
Safe => 34 32 29 27 25 23
Safe => 12 13 15 18 19 21 23
Safe => 33 35 36 38 41 44 46
Safe => 42 43 44 45 47
Safe => 18 20 21 23 25
Safe => 27 30 33 34 35 36 38
Safe => 28 26 23 22 20 17 15 14
Safe => 84 83 82 80 78 75 72 69
Safe => 17 18 19 20 22 25 27
Safe => 68 71 73 74 75 78 81 84
Safe => 69 66 65 63 60
Safe => 50 52 54 55 56 57 60
Safe => 10 12 14 16 17 18 21 24
Safe => 72 74 75 78 79 81 84 87
Safe => 77 74 73 71 68 66 64
Safe => 75 72 69 66 65 64 62 59
Safe => 90 87 84 83 80 79
Safe => 60 63 66 68 69 72
Safe => 35 37 40 42 44 46 48 50
Safe => 61 60 57 54 51
Safe => 12 11 8 7 4 1
Safe => 15 18 20 21 22 24 25 28
Safe => 4 5 7 9 10 11 13 16
Safe => 98 97 94 93 91 90
Safe => 34 35 37 40 42 43 46 48
Safe => 14 16 18 19 21 22 24
Safe => 71 72 75 78 80 82
Safe => 49 47 45 44 41 40
Safe => 85 86 88 89 90 93 94 96
Safe => 81 78 76 74 73 72
Safe => 63 65 68 70 71
Safe => 62 63 64 67 70 71 74
Safe => 78 76 73 70 67
Safe => 59 58 55 53 52 51
Safe => 52 50 49 46 45 44 41
Safe => 81 78 75 74 72 70
Safe => 28 31 33 35 37
Safe => 50 53 56 58 59 60
Safe => 36 33 30 28 27 24
Safe => 92 89 86 83 82 81 78 75
Safe => 35 33 32 30 27
Safe => 2 3 6 7 10 11 14 15
Safe => 21 22 23 26 29 31
Safe => 31 28 27 24 21 18
Safe => 17 14 12 11 8 6
Safe => 71 70 69 66 65 62 61 59
Safe => 90 89 88 86 85 83 82 80
Safe => 9 12 14 16 18 21 23
Safe => 46 48 51 53 54
Safe => 71 69 66 63 61 60 57
Safe => 85 82 80 77 75 74 73
Safe => 51 52 55 57 59 62 64 65
Safe => 66 65 64 63 60
Safe => 54 57 59 62 63
Safe => 10 9 8 7 4 2
Safe => 53 50 48 47 46 43 41
Safe => 77 80 83 84 87 88 91
Safe => 78 81 84 85 86 88 91 94
Safe => 31 29 28 27 25 23 21
Safe => 6 8 10 13 14
Safe => 27 24 21 20 19
Safe => 16 14 12 9 7
Safe => 18 19 20 23 25 26 29
Safe => 26 28 29 32 34 35 38
Safe => 26 25 23 22 20 18
Safe => 28 31 32 35 36 37 38
Safe => 1 4 6 9 12 13 15 16
Safe => 52 49 48 46 43 40
Safe => 76 77 80 82 85 87 90 91
Safe => 41 44 47 48 51 53 55
Safe => 56 55 53 51 49 47
Safe => 75 72 70 69 67
Safe => 78 81 82 83 85 87 89 90
Safe => 20 17 14 12 10 7 6
Safe => 80 79 77 76 74 73
Safe => 32 33 36 39 42
Safe => 59 62 64 66 67 70
Safe => 33 36 37 38 39 40
Safe => 1 2 4 6 8 9 12
Safe => 25 27 30 32 33 34 36
Safe => 17 18 19 21 23 24 26
Safe => 33 36 39 42 43 44 46 48
Safe => 12 10 9 7 4
Safe => 79 76 74 71 70 69
Safe => 87 84 83 81 80
Safe => 36 35 34 33 31 30 27 24
Safe => 42 41 40 39 37 36 33 32
Safe => 43 41 40 39 38 37 36 33
Safe => 50 51 53 54 57
Safe => 64 67 68 69 71
Safe => 75 76 79 81 83
Safe => 62 65 66 67 70 72 73
Safe => 53 52 50 47 45
Safe => 26 23 21 20 19 16 15 13
Safe => 59 61 64 65 68 70 72
Safe => 69 72 73 76 79
Safe => 54 55 57 59 60
Safe => 38 39 40 42 43 46 49
Safe => 76 77 79 81 82 84 86 89
Safe => 83 86 87 90 93 94 96 98
Safe => 29 31 34 37 40 42 44 46
Safe => 64 63 60 57 55 52
Safe => 1 4 6 8 11 14 17 20
Safe => 39 40 42 43 46
Safe => 70 72 73 74 75 77 80 82
Safe => 18 19 20 22 25 28 31
Safe => 1 3 5 6 8 10 11 13
Safe => 55 53 50 47 44 43 40 37
Safe => 92 90 87 86 85 82 81 78
Safe => 73 72 70 67 64 63 61
Safe => 82 81 79 78 77
Safe => 37 35 34 32 31 28 27 26
Safe => 85 88 89 92 94 97
Safe => 87 84 83 80 78 75
Safe => 18 15 13 10 8 5 2
Safe => 3 6 7 10 13 15 18 21
Safe => 96 94 92 89 87
Safe => 48 46 45 44 41 40 38
Safe => 1 2 3 4 7 8
Safe => 25 27 28 30 31 34 35
Safe => 97 94 92 89 86
Safe => 79 76 74 73 70
Safe => 58 55 52 51 48 46 44 42
Safe => 85 84 83 81 78 75 74
Safe => 57 59 60 63 66
Safe => 75 78 79 82 84 87
Safe => 90 89 86 84 81 78 76
Safe => 60 62 64 65 67
Safe => 28 29 31 33 36 38 40
Safe => 78 75 72 71 68 66 64
Safe => 76 74 73 71 68 67
Safe => 57 55 54 53 51 49 47 44
Safe => 73 75 78 80 81 84 85 86
Safe => 82 84 87 88 91 94 95 97
Safe => 74 76 77 80 81 84 85 86
Safe => 20 21 23 25 28 29 31
Safe => 10 13 15 17 20 23 25 28
Safe => 38 41 42 45 48 51
Safe => 22 21 19 17 16 15 12
Safe => 60 59 56 53 50 48 47 45
Safe => 54 56 58 60 61 63
Safe => 37 38 39 41 43 44 46
Safe => 97 95 92 89 87
Safe => 75 78 80 83 85 87
Safe => 68 71 74 76 78 79 80
Safe => 55 54 53 51 48
Safe => 52 55 58 60 62
Safe => 40 41 44 46 49 52 55
Safe => 39 41 43 44 46
Safe => 36 34 33 31 30 28
Safe => 44 47 48 51 52
Safe => 38 35 34 33 31 30
Safe => 49 48 45 44 41 40
Safe => 23 26 27 28 31 33 35
Safe => 58 57 55 53 50
Safe => 39 41 43 44 47 50 52
Safe => 74 72 70 68 67
Safe => 8 9 12 15 16 19 22 24
Safe => 44 45 48 51 52 54 56 58
Safe => 25 22 19 18 17 14
Safe => 51 53 56 57 58
Safe => 21 19 18 15 14 12 9 7
Safe => 57 55 54 53 50
Safe => 22 21 18 16 13 11 8
Safe => 84 83 80 78 76 75 72
Safe => 32 30 29 27 24 21 18 17
Safe => 28 29 30 32 35 38 39
Safe => 69 71 74 76 77 79 80 81
Safe => 74 71 68 66 64
Safe => 70 69 68 66 65
Safe => 39 37 34 33 30
Safe => 85 86 88 89 90 91 92 94
Safe => 75 72 69 67 64 61 58
Safe => 56 59 61 63 64 66
Safe => 88 85 84 81 78 75 73 71
Safe => 54 57 58 60 62 63 64
Safe => 56 54 52 51 48
Safe => 36 38 40 41 44
Safe => 74 71 69 66 63
Safe => 85 86 88 89 91
Safe => 38 37 36 35 34
Safe => 40 39 38 37 34 32 30
Safe => 72 69 67 66 63 60 59 57
Safe => 38 35 34 32 29 28 25 22
Safe => 30 32 33 36 39 40
Safe => 62 65 66 69 70 72 75 77
Safe => 41 40 38 37 34 33 30
Safe => 14 11 9 8 7 4 3 2
Safe => 40 38 37 35 34 31
Safe => 93 92 90 88 85 82 79 78
Safe => 80 79 76 74 71 68 65
Safe => 56 58 60 61 63 66
Safe => 10 13 16 18 20 22
Safe => 6 7 9 11 13 14
Safe => 97 96 95 93 90
Safe => 17 19 22 24 26 29 30
Safe => 74 73 70 69 66
Safe => 39 41 42 44 46
Safe => 47 44 41 40 38 36 33
Safe => 77 78 81 82 85 87 88
Safe => 85 82 81 78 77 74
Safe => 60 57 55 54 53
Safe => 59 60 61 64 67 70
Safe => 65 67 68 70 73 76 77
Safe => 99 98 97 96 93 90
Safe => 97 94 91 88 85 83
Safe => 74 72 69 67 65 62 61 59
Safe => 23 24 26 27 30 32
Safe => 39 36 35 34 31
Safe => 16 13 11 8 6
Safe => 34 36 39 42 44
Safe => 81 78 75 73 71 68
Safe => 14 11 9 8 7 6
Safe => 89 90 91 93 96 97
Safe => 45 47 49 50 53 56 58
Safe => 8 11 12 15 16 19 20
Safe => 74 77 79 80 83 84
Safe => 55 54 53 52 51
Safe => 36 33 32 30 29 28
Safe => 77 76 73 70 68 66
Safe => 74 75 78 81 84
Safe => 34 32 31 30 27 26 25 24
Safe => 11 9 6 3 1
Safe => 74 71 68 67 64 63 60
Safe => 62 65 67 68 71
Safe => 52 53 55 56 58 61
Safe => 11 13 16 17 18
Safe => 77 76 74 73 71 70 67 65
Safe => 54 51 49 48 47 45 43 40
Safe => 17 14 12 11 9
Safe => 74 73 70 68 66
Safe => 36 39 40 43 46 47 50 52
Safe => 92 91 89 87 86
Safe => 79 76 75 72 71
Safe => 98 95 93 92 89 87 85 83
Safe => 7 8 9 12 15 17
Safe => 39 40 43 44 45 47 48
Safe => 60 59 57 56 53 52 50
Safe => 28 27 26 23 21 19 18
Safe => 40 42 44 46 48 50 51 54
Safe => 15 14 11 10 7 6 3
Safe => 23 26 28 30 33 36 37
Safe => 15 16 17 19 20 21 24 27
Safe => 43 42 41 38 37 34
Safe => 52 55 58 61 63 64
Safe => 76 75 72 71 68 65 63 60
Safe => 52 50 49 48 47 45
Safe => 68 70 71 74 77
Safe => 58 59 60 63 65
Safe => 56 54 53 51 49 48 46
Safe => 62 65 66 67 68 69 70 73
Safe => 11 10 9 8 7 5 2 1
Safe => 43 40 38 35 33 30
Safe => 77 79 80 83 85 87 88 91
Safe => 16 14 11 10 7
Safe => 69 68 66 65 62
Safe => 76 77 79 82 85 86 87
Safe => 17 15 13 10 8
Safe => 81 83 86 88 91
Safe => 42 40 39 36 33 30
Safe => 38 36 35 32 31
Safe => 47 46 45 43 41
Safe => 95 94 91 90 88
Safe => 5 6 7 10 13
Safe => 41 40 39 36 35
Safe => 65 62 61 58 57 56
Safe => 13 10 7 5 4
Safe => 69 72 73 76 78
Safe => 15 17 20 22 25 26 27 29
Safe => 5 7 8 9 11
Safe => 39 36 33 30 27 25 23 21
Safe => 73 70 69 67 64 63 62
Safe => 32 35 38 41 42 44
Safe => 79 80 83 86 89 92 93 96
Safe => 43 41 38 36 35 32 30 27
Safe => 48 49 50 53 54 57 59
Safe => 32 29 27 26 23
Safe => 92 91 90 89 87 85 82
Safe => 22 24 25 27 28 29 30 33
Safe => 20 22 23 25 27
Safe => 71 69 66 65 63
Safe => 43 41 38 35 32 29
Safe => 71 69 67 64 62 59 58 56
Safe => 61 59 57 55 52 50 48
Safe => 57 56 53 50 49 48
Safe => 78 77 75 74 73 71 68 67
Safe => 85 82 80 78 77 74 73
Safe => 18 20 22 25 27 28
Safe => 40 41 42 45 46 49 51 54
Safe => 23 20 17 16 13
Safe => 72 74 75 78 79 82 85 88
Safe => 39 42 45 47 50 51 53 54
Safe => 31 32 33 36 38 41 44 46
Safe => 30 29 27 26 24 23 22 19
Safe => 45 42 39 36 35
Safe => 76 74 73 71 68
Safe => 44 47 48 51 53 54 55
Safe => 48 46 43 41 38 37
Safe => 90 89 86 83 82
Safe => 59 57 56 55 52 51
Safe => 34 31 30 28 27
Safe => 39 36 35 32 31 28 27
Safe => 84 86 87 90 93 95 98
Safe => 95 92 91 88 85 84 81
Safe => 23 25 28 30 31 34 36 39
Safe => 7 8 11 13 15 18
Safe => 80 77 74 71 68 66 64 63
Safe => 36 33 30 27 26 25 24 23
Safe => 96 94 93 90 89 87 85 82
Safe => 18 16 13 11 10 8
Safe => 80 77 75 74 71
Safe => 82 80 79 78 77 74 73
Safe => 18 17 16 13 12
Safe => 91 88 87 85 83
Safe => 41 43 46 48 49
Safe => 74 72 69 68 66 65
Safe => 59 62 65 68 69 71
Safe => 44 46 47 50 51
Safe => 59 60 63 66 69 70
Safe => 26 25 24 21 18 15
Safe => 40 38 35 34 31 30
Safe => 84 87 90 93 96 98
Safe => 39 42 44 46 47
Safe => 22 25 26 27 30
Safe => 14 11 9 8 7 4
Safe => 81 84 85 87 90 91
Safe => 98 97 96 94 92
Safe => 79 76 73 70 67 64 62 61
Safe => 80 81 83 85 88 91
Safe => 91 88 87 86 83 82 80
Safe => 51 54 57 60 62 64 67
Safe => 34 32 29 27 25 23 22 21
Safe => 62 60 58 57 54 53 52
Safe => 16 19 22 24 27 29 32 35
Safe => 26 23 21 20 18 16
Safe => 15 14 11 8 6 3 2 1
Safe => 49 46 43 42 41 40
Safe => 52 54 57 59 61 62
Safe => 87 85 84 81 78 75 72
Safe => 77 76 74 71 70 69 67 65
Safe => 77 74 71 70 69 67
Safe => 66 68 70 73 74
Safe => 15 13 11 10 9 7 6 5
Safe => 52 55 56 58 60 62 65 66
Safe => 80 78 75 73 70
Safe => 88 89 90 93 95
Safe => 76 74 71 70 68 67 66 64
Safe => 87 84 82 80 78
Safe => 76 75 74 73 72
Safe => 73 74 76 79 80 83
Safe => 41 38 37 34 31 28 27 26
Safe => 17 18 20 22 24 25
Safe => 9 11 12 15 18
Safe => 29 31 33 35 38
Safe => 99 97 95 93 90 87 85
Safe => 91 88 85 82 80 79
Safe => 9 12 13 14 16 18 20 21
Safe => 84 81 79 78 77 75 74
Safe => 21 19 17 16 15 12
Safe => 67 65 64 62 59 57 56
Safe => 68 71 73 75 76 78 79
Safe => 68 70 72 73 74 76
Safe => 33 30 27 24 23
Safe => 22 25 28 30 32 34
Safe => 15 18 21 23 26 29 30 32
Safe => 73 70 69 66 64 61 58
Safe => 83 82 79 78 75 74 71 70
Safe => 76 75 73 70 67
Safe => 49 52 55 58 60 63 64
Safe => 33 34 35 38 41 43 44
Safe => 52 51 48 45 44 42 39 37
Safe => 91 92 93 95 97
Safe => 8 9 11 12 13 15 18 19
Safe => 64 63 60 59 56 54 52 51
Safe => 63 61 58 56 54
Safe => 18 16 13 11 10
Safe => 69 66 63 62 59 58 55
Safe => 19 18 15 13 12
Safe => 58 59 61 63 66 68 69 72
Safe => 23 26 29 32 34 37
Safe => 28 26 24 22 19 17 16
Safe => 66 69 72 74 75 76
Safe => 20 23 25 26 28
Safe => 3 4 5 8 10
Safe => 60 57 55 52 51
Safe => 15 18 19 20 21 22 25
Safe => 46 49 51 53 56
Safe => 58 56 54 51 50 47 46 43
Safe => 60 63 64 67 68 71 74 76
Safe => 4 7 9 12 14 15 18 20
Safe => 29 32 34 35 38 40 43
Safe => 21 19 18 16 14 12
Safe => 83 82 80 78 76 73 72
Safe => 64 66 69 71 74 75
Safe => 12 14 15 17 20 22
Safe => 76 75 73 70 67 64 63 62
Safe => 32 31 30 27 26 23 22
Safe => 61 64 66 67 69
Safe => 98 96 94 91 88
Safe => 44 42 40 38 36 35 33 31
Safe => 37 36 34 33 32 30 28
Safe => 25 27 29 31 33 36
Safe => 78 75 72 70 69 66
Safe => 47 44 42 41 40 37 35 32
Safe => 71 69 66 64 61
Safe => 16 15 14 12 11 9 8
Safe => 93 90 89 87 85 84
Safe => 49 52 53 56 58
Safe => 40 38 37 34 32 29
Safe => 97 95 94 91 90 88 87 85
Safe => 67 68 70 72 75 76
Safe => 35 32 31 28 25
Safe => 85 86 87 90 93 95 96
Safe => 41 40 38 37 35 32 29 28
Safe => 6 7 10 12 15 18
Safe => 86 89 90 91 94 96 99
Safe => 50 52 53 56 59 62 65 68
Safe => 50 51 54 55 58 60 62
Safe => 73 72 70 67 64
Safe => 7 9 11 12 14 17 18 19
Safe => 24 26 27 28 29 32
Safe => 78 75 73 70 68 66 64 62
Safe => 79 82 84 87 89 90 91
Safe => 46 44 41 38 37 35 33 31
Safe => 25 23 21 18 15 14 13 12
Safe => 4 6 9 12 15
Safe => 94 91 88 85 82 79 78
Safe => 15 13 12 9 7 4
Safe => 69 68 66 64 61 59 58
Safe => 40 43 46 47 49
Safe => 80 83 84 86 88 90 91
Safe => 53 50 49 48 47 44 43 41
Safe => 68 69 70 72 73
Safe => 56 55 54 52 49
Safe => 35 38 39 40 41
Safe => 44 41 38 35 33 30 29
Safe => 32 35 37 39 40 43 46 48
Safe => 16 15 14 11 10 9 6
Safe => 10 11 13 15 18 19 20
Safe => 37 40 42 45 48 49
Safe => 21 19 18 15 12 9 7
Safe => 68 70 73 76 79 80
Safe => 70 67 64 61 60 57
Safe => 49 52 54 56 58 61 63
Safe => 91 88 85 82 81
Safe => 23 22 21 19 17 15 13
Safe => 72 73 75 77 78 80 81
Safe => 73 72 71 70 68 66

Reportes totales:685